time = [0.25 0.5 0.55];
y = [50 0 -10];

