%{

y = p1*x^2 + p2*x + p3

       p1 =      -49.28  (-62.67, -35.9)
       p2 =       62.09  (56.68, 67.5)
       p3 =        9.91  (9.455, 10.37)
%}